#Shea Glomerulus Anatomy

source_nodes1 <- c(1, 2, 2, 3, 3, 4, 4, 4, 5, 5,
                 6,6,7,7,7,8,8,
                 9,9,10, 
                 10,10,11,11,11,12,13,13,14,14, 
                 14,15,15,16,16,17,17,18,18,19, 
                 20,20,21,21,22,22,23,24,24,25, 
                 26,27,27,28,
                 28,28,29,30,31,32, 
                 32,32,33,33,34,35,35,36,36,37, 
                 37,39,40,41,42,42,44,44,45,46, 
                 47,48,48,49,50,50,51,51,52,52, 
                 53,53,54,55,56,56,57,58,59,59, 
                 59,59,59,60,60,61,61,62,62,136, 
                 63,63,64,65,65,66,67,68,69,69,
                 69,70,70,
                 71,71,72,73,74,75,76, 
                 77,78,79,79,80,81,82,82,83,83,
                 84,84,85,85,86,86,87,87,88,89,
                 90,90,91,91,92,92,93,93,93,94,
                 94,95,96,98,98,99,99,100,100,101,
                 101,102,102,102,103,103,103,104,105,105,
                 106,
                 106,107,107,
                 108,109,109,111,110,110,
                 111,112,113,114,
                 116,116,117,117,118,118,
                 119,120,121,122,122,123,124,125,125,126,
                 126,127,128,128,129,129,130,131,131,132,
                 133,134,135,135,137,139,139,140,140,141,
                 141,142,142,143,143,144,144,144,144,145,
                 146,146,147,147,148,148,149,149,150,151,
                 151,152,152,153,153,154,154,154,155,155,
                 156,156,157,157,157,158,159,160,160,161,
                 161,162,162,163,165,166,166,167,167,168,
                 169,170,170,171,171,172,172,172,173,174,
                 175,175,177,177,178,178,179,174,180,180,
                 181,182,182,
                 183,184,184,184,184,185,186,
                 187,188,189,189,190,191,191,191,192,193)
                 
target_nodes1 <- c(2,3,82,4,139,5,6,7,8,9,
                 12,25,10,11,29,12,19,
                 13,14,15,
                 16,21,17,18,23,19,31,32,42,67,
                 121,20,39,21,26,22,23,24,40,25,
                 26,27,28,34,30,51,29,28,30,31,
                 32,32,33,34,
                 43,47,35,41,36,38,
                 43,45,38,46,39,40,41,37,42,38,
                 45,43,44,49,45,46,47,49,48,54,
                 59,50,58,52,53,54,55,56,55,56,
                 57,58,65,63,59,64,60,66,61,63,
                 64,69,80,65,66,67,72,68,73,62,
                 68,69,74,70,75,71,72,76,73,74,
                 76,75,77,
                 77,77,77,76,78,77,78,
                 79,81,80,81,121,194,83,84,85,86,
                 87,88,88,89,90,91,89,92,94,176,
                 93,96,94,95,95,97,96,98,99,97,
                 97,100,108,101,102,103,119,104,105,106,
                 115,107,120,123,104,108,112,113,109,111,
                 115,
                 116,112,113,
                 117,115,118,110,114,114,
                 119,124,121,119,
                 118,120,122,176,123,127,
                 124,130,125,126,133,127,128,129,136,132,
                 193,130,131,138,132,133,134,135,137,150,
                 134,136,138,138,138,140,141,142,143,144,
                 145,152,159,146,168,147,164,165,148,164,
                 137,149,169,174,150,151,152,153,163,154,
                 155,156,157,162,158,159,163,164,160,161,
                 171,173,158,162,181,135,167,164,165,163,
                 166,167,175,177,168,168,170,169,169,170,
                 172,174,188,172,176,173,176,179,176,177,
                 178,184,179,180,181,182,183,191,183,185,
                 188,184,189,
                 185,186,186,187,187,193,189,
                 192,190,190,191,193,192,193,193,193,194)

edge_lengths1 <- c(3.8, 9.5, 11.5, 3.8, 7.9, 17.4, 16.1, 28.7, 5.1, 33,
                 25.8, 10.7, 35.1, 5.4, 50.4, 14.8, 14.6, 
                 9.2, 41.4, 28.1,
                 6.9, 20.2, 9.0, 26.4, 9.0, 13.1, 11.3, 20.0, 18.2, 2.5,
                 11.4, 3.8, 33.3, 24.3, 25.6, 64.0, 10.2, 30.7, 53.2, 14.1,
                 16.4, 6.9, 22.5, 3.8, 19.2, 23.0, 39.1, 21.7, 18.2, 10.2,
                 11.0, 24.3, 11.5, 12.8,
                 14.3, 23.0, 16.9, 11.3, 25.6, 21.7,
                 7.9, 24.3, 9.2, 34.5, 16.9, 24.3, 38.9, 21.5, 37.6, 34.3,
                 21.5, 27.6, 12.3, 17.4, 7.7, 2.6, 13.6, 20.7, 9.5, 71.1,
                 35.3, 10.5, 35.3, 24.6, 9.2, 11.5, 10.2, 33.8, 25.8, 24.3,
                 10.7, 28.4, 27.9, 15.3, 25.6, 8.2, 33.5, 21.7, 8.9, 11.8,
                 23.5, 20.5, 24.0, 7.7, 6.9, 24.6, 12.3, 28.1, 20.5, 20.0,
                 6.9, 15.6, 21.0, 12.8, 24.3, 13.8, 20.5, 28.9, 30.2, 15.3,
                 26.3, 4.4, 17.4, 30.7, 3.3, 26.9, 21.7, 16.9, 19.2, 5.4,
                 11.5, 7.7, 10.7, 26.6, 32.2, 7.7, 27.1, 23.8, 37.1, 2.6,
                 34.0, 27.9, 40.9, 13.1, 6.4, 15.6, 50.1, 49.1, 13.6, 14.3,
                 80.8, 39.7, 18.4, 4.9, 23.0, 19.2, 25.6, 35.6, 28.1, 21.7,
                 29.9, 58.8, 25.6, 8.2, 16.6, 14.1, 26.6, 37.6, 30.2, 7.4,
                 18.4, 10.2, 5.1, 2.6, 16.1, 7.9, 15.9, 39.4, 109.0, 12.0,
                 4.1, 23.8, 12.5, 55.5, 12.8, 7.7, 22.5, 23.0, 6.1, 6.7,
                 49.9, 10.2, 9.5, 13.1, 8.7, 7.7, 17.9, 6.1, 9.2, 11.0,
                 23.5, 28.4, 11.8, 15.3, 8.7, 23.3, 23.3, 18.4, 7.7, 30.7,
                 9.0, 33.5, 11.5, 14.6, 17.9, 9.2, 21.7, 12.8, 33.0, 2.5,
                 9.2, 6.4, 13.4, 29.2, 9.7, 17.4, 33.5, 20.0, 6.4, 37.1,
                 25.6, 7.7, 38.4, 12.3, 4.5, 17.4, 3.8, 37.1, 26.9, 32.5,
                 20.7, 9.2, 23.3, 74.2, 23.0, 33.3, 5.4, 29.4, 27.2, 6.4,
                 38.6, 9.5, 20.0, 52.4, 23.0, 27.1, 19.2, 6.5, 17.9, 20.5,
                 9.5, 15.4, 15.4, 21.0, 47.3, 20.0, 25.6, 44.8, 17.4, 22.3,
                 26.9, 17.9, 12.8, 57.6, 12.8, 38.4, 19.2, 23.0, 33.3, 38.6,
                 16.6, 13.1, 42.0, 5.1, 21.7, 5.1, 28.1, 26.9, 17.1, 24.1,
                 22.0, 26.3, 11.7, 15.6, 5.1, 23.5, 33.3, 15.6, 27.4, 19.2,
                 13.6, 14.6, 14.3, 14.1, 17.9, 7.7, 11.0, 38.6, 12.8, 19.2,
                 28.4, 22.0, 13.6, 29.4, 52.4, 25.6, 29.4, 18.2, 29.4, 7.7)

